
import folium
way1=[[16.787825445160966, 80.8500965046571],[16.786538231198872, 80.85581067823016],[16.785894620946404, 80.85984421251703],[16.774952913043663, 80.88001188395135],
      [16.76368873223945, 80.88740669681061],[16.7482396281332, 80.89547376538435],[16.7334330602678, 80.90320470610084],[16.726673157602125, 80.91564143681867],
      [16.72184450894416, 80.91866658753382],[16.712830704361135, 80.92303624967792],[16.7057481306071, 80.92505301682135],[16.7034945293022, 80.93547298039576],
      [16.698665294082883, 80.9384981311109],[16.68610871111695, 80.94723745539912],[16.682888940159586, 80.94723745586944],[16.678703158671556, 80.95160711801354],
      [16.680313085472328, 80.95732129158661],[16.685464760142438, 81.00101791302765],[16.686752657118205, 81.02454686303436],[16.71057718527386, 81.0275720137495],
      [16.72345407090647, 81.04773969292411],[16.720556847476175, 81.0746299215032],[16.715406119381043, 81.09715048793821],[16.733111164745367, 81.15328384511356],
      [16.750814565074737, 81.18319922440782],[16.768194483804386, 81.21311460370207],[16.783641967057317, 81.22521520656267],[16.796513910348644, 81.23630742585155],
      [16.80777614475588, 81.25647509728587],[16.808097913058543, 81.28202081443602],[16.807132606513054, 81.32134777373297],[16.80906321469138, 81.36269150017333],
      [16.821611689998264, 81.40638813756516],[16.82193343482103, 81.44840411972001],[16.832228980680807, 81.46958017472605],[16.808419682060162, 81.5307554447435],
      [16.805201979379557, 81.58285527200174],[16.78235472543985, 81.62386287058489],[16.76240135466882, 81.67797945560031],[16.74791775699963, 81.73512120295115],
      [16.72281024699411, 81.76470045438816],[16.685786735138137, 81.80268290225615],[16.6999531006187, 81.82251444583325],[16.726029343382685, 81.8332705372649],
      [16.694801816523302, 81.84839629084063],[16.67226331487654, 81.9206637879264],[16.640382902457343, 81.95293206222131],[16.61719381685058, 81.93948694793175],
      [16.595934694129156, 81.94688176079102],[16.59657894452696, 81.9492346557917],[16.585304250912333, 81.96032687508057],[16.57821696238083, 82.00167060152096]]
way2=[[16.78787738701347, 80.84967658795361],[16.75037565911115, 80.89744160411834],[16.687246321019433, 80.94520662028307],[16.63782619916286, 80.97004442868874],
      [16.678095409430316, 81.03022834905629],[16.706461809078498, 81.10378647394998],[16.630503615171857, 81.14390908752836],[16.54993676546775, 81.20027180660274],
      [16.574659728021537, 81.34738805639012],[16.581068866921015, 81.46106879486217],[16.54352659079718, 81.53462691975587],[16.5362004160357, 81.62633575079215],
      [16.517883762518462, 81.70467037730229],[16.48857350536202, 81.70849157859548],[16.45559416061389, 81.78873680575224],[16.47758101416503, 81.84509952482662],
      [16.498649406837554, 81.89859635624147],[16.526126471169217, 81.95113787402268],[16.548105308287795, 81.98934988695447],[16.5783221187959, 82.00654529277378]]
from branca.element import Figure
fig=Figure(width=700,height=350)
f1=folium.FeatureGroup("WAY1")
f2=folium.FeatureGroup("WAY2")
map=folium.Map(location=[16.780001,80.849998],tiles='cartodbpositron')
line_1=folium.vector_layers.PolyLine(way1,popup='<b>Way-1 to home</b>',tooltip='Way1',color='deeppink',weight=3).add_to(f1)
line_2=folium.vector_layers.PolyLine(way2,popup='<b>Way-2 to home</b>',tooltip='Way2',color='blue',weight=3).add_to(f2)
f1.add_to(map)
f2.add_to(map)
folium.Marker(location=[16.780001,80.849998],popup='Starting point',tooltip='NUZVIDU').add_to(map)
folium.Marker(location=[16.576928336422398, 82.00167060152096],popup='<strong>Destination</strong>',tooltip='AMALAPURAM').add_to(map)
folium.LayerControl().add_to(map)
map




